{
  "advancedEditorSelectedIdentifier" : "ProjectBrowser",
  "openSceneRelativePaths" : [
    "Immersive.usda"
  ],
  "recentIdentifiers" : {
    "AF09ED6F-1707-48FD-8720-65B998362C09" : [

    ]
  },
  "sceneCameraHistory" : {
    "AF09ED6F-1707-48FD-8720-65B998362C09" : [
      {
        "date" : 731633365.255657,
        "title" : "Untitled",
        "transform" : [
          0.99965686,
          1.3631442e-10,
          -0.026196415,
          0,
          -0.008610161,
          0.9444424,
          -0.32856432,
          0,
          0.024741001,
          0.32867712,
          0.94411826,
          0,
          -0.09444343,
          1.7936789,
          2.129674,
          1
        ]
      },
      {
        "date" : 731633357.138243,
        "title" : "Untitled",
        "transform" : [
          -0.36844134,
          -5.2377236e-09,
          -0.929651,
          0,
          0.92908466,
          0.0348996,
          -0.36821684,
          0,
          0.032444436,
          -0.9993909,
          -0.01285842,
          0,
          3.0904717,
          20.459583,
          -2.7777948,
          1
        ]
      },
      {
        "date" : 731633354.43878,
        "title" : "Untitled",
        "transform" : [
          -0.079689674,
          -5.237724e-09,
          -0.99681985,
          0,
          0.9962126,
          0.034899544,
          -0.079641074,
          0,
          0.03478853,
          -0.9993909,
          -0.0027811008,
          0,
          3.3540728,
          20.460611,
          -1.8162735,
          1
        ]
      },
      {
        "date" : 731633345.38746,
        "title" : "Untitled",
        "transform" : [
          -0.40963802,
          2.7337776e-09,
          0.9122482,
          0,
          0.051265698,
          0.99841964,
          0.02302047,
          0,
          -0.9108065,
          0.05619705,
          -0.40899065,
          0,
          16.178276,
          5.317724,
          5.544078,
          1
        ]
      },
      {
        "date" : 731633338.352748,
        "title" : "Untitled",
        "transform" : [
          0.48755705,
          3.2334746e-09,
          -0.87309116,
          0,
          -0.034976073,
          0.9991973,
          -0.019531567,
          0,
          0.8723903,
          0.04006001,
          0.4871657,
          0,
          -15.596724,
          5.6315002,
          -9.998072,
          1
        ]
      },
      {
        "date" : 731633336.337047,
        "title" : "Untitled",
        "transform" : [
          0.48755705,
          3.2334746e-09,
          -0.87309116,
          0,
          -0.034976073,
          0.9991973,
          -0.019531567,
          0,
          0.8723903,
          0.04006001,
          0.4871657,
          0,
          -15.63278,
          5.6397295,
          -10.017694,
          1
        ]
      },
      {
        "date" : 731633301.651555,
        "title" : "Untitled",
        "transform" : [
          0.99998385,
          1.5334946e-09,
          -0.005693092,
          0,
          -0.00040482226,
          0.9974684,
          -0.071109116,
          0,
          0.0056784735,
          0.071110226,
          0.99745226,
          0,
          -0.056094468,
          0.5950639,
          3.0600786,
          1
        ]
      },
      {
        "date" : 731633289.836528,
        "title" : "Untitled",
        "transform" : [
          0.99998385,
          1.5334946e-09,
          -0.005693092,
          0,
          -0.00040482226,
          0.9974684,
          -0.071109116,
          0,
          0.0056784735,
          0.071110226,
          0.99745226,
          0,
          -0.019979775,
          -0.12670684,
          3.11133,
          1
        ]
      },
      {
        "date" : 731633287.736462,
        "title" : "Untitled",
        "transform" : [
          0.99998385,
          1.5334946e-09,
          -0.005693092,
          0,
          -0.00040482226,
          0.9974684,
          -0.071109116,
          0,
          0.0056784735,
          0.071110226,
          0.99745226,
          0,
          -0.02003634,
          0.009079218,
          3.1016502,
          1
        ]
      },
      {
        "date" : 731633274.452903,
        "title" : "Untitled",
        "transform" : [
          0.99998385,
          1.5334946e-09,
          -0.005693092,
          0,
          -0.00040482226,
          0.9974684,
          -0.071109116,
          0,
          0.0056784735,
          0.071110226,
          0.99745226,
          0,
          -0.2065959,
          0.7165637,
          3.0522747,
          1
        ]
      }
    ]
  }
}